%YAML:1.0
---
R: !!opencv-matrix
   rows: 3
   cols: 3
   dt: d
   data: [ 9.9999659225714088e-01, -3.8287471517079358e-04,
       2.5824176769215202e-03, 3.7628026286362588e-04,
       9.9999666876717475e-01, 2.5535989734331937e-03,
       -2.5833867827665950e-03, -2.5526185586222361e-03,
       9.9999340510386614e-01 ]
T: !!opencv-matrix
   rows: 3
   cols: 1
   dt: d
   data: [ -1.2137831500625300e+01, 1.9063497669410720e-01,
       -6.2710142125454083e-01 ]
R1: !!opencv-matrix
   rows: 3
   cols: 3
   dt: d
   data: [ 9.9840262572127036e-01, -1.6196957250476637e-02,
       5.4128139896907887e-02, 1.6127559232749673e-02,
       9.9986846532423124e-01, 1.7186865220355275e-03,
       -5.4148857661700953e-02, -8.4298635404608650e-04,
       9.9853251854305669e-01 ]
R2: !!opencv-matrix
   rows: 3
   cols: 3
   dt: d
   data: [ 9.9854520629253418e-01, -1.5683002529717632e-02,
       5.1589867433957090e-02, 1.5749118286762179e-02,
       9.9987559184794428e-01, -8.7527133664460060e-04,
       -5.1569722351298038e-02, 1.6864929220274942e-03,
       9.9866797259060736e-01 ]
P1: !!opencv-matrix
   rows: 3
   cols: 4
   dt: d
   data: [ 6.5042101540339002e+02, 0., 3.1295546722412109e+02, 0., 0.,
       6.5042101540339002e+02, 2.3594513893127441e+02,
       0., 0., 0., 1., 0. ]
P2: !!opencv-matrix
   rows: 3
   cols: 4
   dt: d
   data: [ 6.5042101540339002e+02, 0., 3.0751738739013672e+02,
       -7.9062025831999499e+03, 0., 6.5042101540339002e+02,
       2.3594513893127441e+02, 0., 0., 0., 1., 0. ]
Q: !!opencv-matrix
   rows: 4
   cols: 4
   dt: d
   data: [ 1., 0., 0., -3.1295546722412109e+02, 0., 1., 0.,
        -2.3594513893127441e+02, 0., 0., 0., 6.5042101540339002e+02,
        0., 0., 8.2267183082999018e-02, -4.4737550932235748e-01 ]
